1|Bank1|2026|1|Mr. Smug Pockets|555-555-5555|pockets@ficus.com|1234 Hocus Potato Way|Tatertown|UT|54096|7|100|02-1234567|BANK1LEIFORTEST12345
2|BANK1LEIFORTEST12345|BANK1LEIFORTEST12345KLXIZP9GT9YCJZ0D2BX34|20260211|1|1|1|1|1|353952|1|20260331|26568 lobortis |ligula facilisis s|OK|74136|40143|40143007647|11||||||5||||||2|4|5||||||||8||||||||2|4|1|5|2|4|50|9999|95|0|0.671|2|1|670|9999|1||10||10|||||NA|1776.214|545.416|447.402|1901.503|1.661|17|37.926|62.33|135|104|2|2|2|2|1451561|3|5|1|NA|2|1|50876|6||||||17||||||2|2|2
2|BANK1LEIFORTEST12345|BANK1LEIFORTEST12345K4B6BNHN3QPEFOI686|20260224|1|1|1|1|1|397901|1|20260331|10998 luctus mal|solli|OK|74136|40143|40143007647|1||||||5||||||2|4|24||||||||8||||||||2|4|1|5|2|4|76|9999|136|0|0.096|3|1|697|9999|2||10||10|||||NA|2527.878|431.179|214.978|4823.864|3.855|23|12.626|70.74|182|76|2|2|2|2|1715593|3|5|1|NA|2|1|32799|6||||||17||||||2|2|2
2|BANK1LEIFORTEST12345|BANK1LEIFORTEST123456E9ROWZ1YSPCNVUNYI60|20260312|1|1|1|1|1|265206|1|20260331|40556 mattis l|dui nibh iaculis |OK|74136|40143|40143007647|12||||||5||||||2|4|22||||||||8||||||||2|4|2|5|2|4|57|9999|43|0|1.226|2|1|749|9999|5||10||10|||||NA|1980.152|198.55|329.077|1330.558|6.058|13|4.698|68.46|111|51|2|2|2|2|1408996|3|5|1|NA|2|1|76149|6||||||17||||||2|2|2
2|BANK1LEIFORTEST12345|BANK1LEIFORTEST12345QR10Z8SZ31CRJF4JDEBU37|20260217|1|1|1|1|1|609668|1|20260331|26689 ante quis erat|massa nascetur im|OK|74136|40143|40143007647|12||||||5||||||2|4|5||||||||8||||||||2|4|1|5|2|4|57|9999|67|0|-1.439|2|1|659|9999|4||10||10|||||NA|2039.394|294.526|299.406|3167.355|4.384|14|9.503|76.401|119|49|2|2|2|2|1563342|3|5|1|NA|2|1|43515|6||||||17||||||2|2|2
2|BANK1LEIFORTEST12345|BANK1LEIFORTEST12345FCW1QCEXITYL9K2TLZ357|20260123|1|1|1|1|1|357648|1|20260331|39563 ac ipsum convallis |pretium convallis |OK|74136|40143|40143007647|14||||||5||||||2|4|21||||||||8||||||||2|4|1|5|2|4|63|9999|79|0|-0.26|2|1|681|9999|4||10||10|||||NA|2803.34|178.636|538.017|2671.636|3.333|8|13.769|78.289|149|41|2|2|2|2|1389910|3|5|1|NA|1|1|86120|6||||||17||||||2|2|2
2|BANK1LEIFORTEST12345|BANK1LEIFORTEST12345JOE5PB8ZYWNX7Z371XJS96|20260213|1|1|1|1|1|689910|1|20260331|22637 rutrum nec porta |facilis|OK|74136|40143|40143007647|2||||||5||||||2|4|22||||||||8||||||||2|4|2|5|2|4|69|9999|51|0|-0.368|1|1|542|9999|14||10||10|||||NA|2605.77|161.967|261.162|2248.714|1.026|18|19.245|86.756|184|60|2|2|2|2|1822606|3|5|1|NA|2|1|98651|6||||||17||||||2|2|2
2|BANK1LEIFORTEST12345|BANK1LEIFORTEST123459EXUX81X8CRUICWVESEO20|20260215|1|1|1|1|1|451595|1|20260331|26825 purus fringi|hac m|OK|74136|40143|40143007647|14||||||5||||||2|4|42||||||||8||||||||2|4|2|5|2|4|63|9999|57|0|0.709|2|1|621|9999|2||10||10|||||NA|2282.594|283.099|209.714|4623.995|5.119|29|14.152|67.852|212|96|2|2|2|2|1512322|3|5|1|NA|1|2|76275|6||||||17||||||2|2|2
2|BANK1LEIFORTEST12345|BANK1LEIFORTEST12345JMRB5ZUOIL92LXW70N8D48|20260204|1|1|1|1|1|336505|1|20260331|23962 eleifend posuere |parturient mollis d|OK|74136|40143|40143007647|2||||||5||||||2|4|26||||||||8||||||||2|4|1|5|2|4|77|9999|61|0|0.57|3|1|655|9999|4||10||10|||||NA|2465.926|494.11|268.533|3253.122|3.306|25|12.668|56.658|154|50|2|2|2|2|2125777|3|5|1|NA|2|1|48604|6||||||17||||||2|2|2
2|BANK1LEIFORTEST12345|BANK1LEIFORTEST12345YUJ58UA28YJYUCH45|20260216|1|1|1|1|1|351939|1|20260331|5872 inte|interdum v|OK|74136|40143|40143007647|13||||||5||||||2|4|43||||||||8||||||||2|4|6|5|2|4|89|9999|83|0|-0.406|1|1|571|9999|5||10||10|||||NA|1734.734|287.009|187.991|7611.221|2.419|16|15.627|76.993|113|50|2|2|2|2|1375382|3|5|1|NA|2|1|65351|6||||||17||||||2|2|2
2|BANK1LEIFORTEST12345|BANK1LEIFORTEST1234565XWSS0D3XTN0RR16|20260223|1|1|1|1|1|309512|1|20260331|40935 velit e|leo v|OK|74136|40143|40143007647|2||||||5||||||2|4|3||||||||8||||||||2|4|1|5|2|4|60|9999|87|0|-1.297|3|1|687|9999|7||10||10|||||NA|1942.326|465.455|319.519|4099.062|4.144|3|7.562|74.776|125|40|2|2|2|2|1746670|3|5|1|NA|2|2|53870|6||||||17||||||2|2|2
2|BANK1LEIFORTEST12345|BANK1LEIFORTEST12345EO3DSJ01BT17KOJS16|20260219|1|1|1|1|1|424370|1|20260331|41501 justo condimentum p|laoreet aenean|OK|74136|40143|40143007647|14||||||5||||||2|4|26||||||||8||||||||2|4|2|5|2|4|67|9999|71|0|-1.253|2|1|553|9999|2||10||10|||||NA|2645.431|398.582|482.314|2166.998|2.311|5|28.831|64.693|132|66|2|2|2|2|1190228|3|5|1|NA|1|2|54626|6||||||17||||||2|2|2
2|BANK1LEIFORTEST12345|BANK1LEIFORTEST12345YBCUPYGNHZST9DO79|20260209|1|1|1|1|1|478141|1|20260331|32446 turp|sodal|OK|74136|40143|40143007647|12||||||5||||||2|4|23||||||||8||||||||2|4|6|5|2|4|63|9999|64|0|-0.117|3|1|644|9999|4||10||10|||||NA|2318.325|218.586|666.393|3822.142|2.693|19|13.677|68.125|190|66|2|2|2|2|1727831|3|5|1|NA|1|1|71470|6||||||17||||||2|2|2
2|BANK1LEIFORTEST12345|BANK1LEIFORTEST12345L926H0441UT8EAIIOH67|20260203|1|1|1|1|1|280107|1|20260331|18586 consectetur|pharetr|OK|74136|40143|40143007647|1||||||5||||||2|4|24||||||||8||||||||2|4|2|5|2|4|57|9999|45|0|1.015|2|1|699|9999|3||10||10|||||NA|2861.276|297.157|297.129|1008.972|3.298|17|11.384|76.278|165|62|2|2|2|2|955388|3|5|1|NA|1|1|74788|6||||||17||||||2|2|2
2|BANK1LEIFORTEST12345|BANK1LEIFORTEST12345F160Q3XYII3ZJFV1R33|20260118|1|1|1|1|1|265075|1|20260331|10078 scelerisq|augue hendreri|OK|74136|40143|40143007647|14||||||5||||||2|4|5||||||||8||||||||2|4|1|5|2|4|66|9999|69|0|0.821|1|1|740|9999|5||10||10|||||NA|1434.663|284.684|526.51|3951.303|3.266|13|8.669|63.217|118|43|2|2|2|2|870894|3|5|1|NA|2|2|38730|6||||||17||||||2|2|2
2|BANK1LEIFORTEST12345|BANK1LEIFORTEST123456OX9NHDJMWPKZPVWJCE82|20260308|1|1|1|1|1|291746|1|20260331|13082 u|tristiqu|OK|74136|40143|40143007647|12||||||5||||||2|4|25||||||||8||||||||2|4|2|5|2|4|59|9999|79|0|-1.179|1|1|508|9999|7||10||10|||||NA|2207.422|292.29|208.886|3562.074|1.973|15|16.534|77.504|146|76|2|2|2|2|2106685|3|5|1|NA|2|1|83111|6||||||17||||||2|2|2
2|BANK1LEIFORTEST12345|BANK1LEIFORTEST12345VHVYD1X2R48KJED9B15|20260120|1|1|1|1|1|267235|1|20260331|12839 augue rutrum nibh u|tristique pe|OK|74136|40143|40143007647|1||||||5||||||2|4|1||||||||8||||||||2|4|1|5|2|4|55|9999|132|0|0.827|2|1|663|9999|13||10||10|||||NA|3184.748|170.081|475.119|2672.4|7.163|10|10.212|78.377|113|28|2|2|2|2|1524882|3|5|1|NA|1|2|56332|6||||||17||||||2|2|2
2|BANK1LEIFORTEST12345|BANK1LEIFORTEST12345ROUB93HO12W2RHVM43|20260126|1|1|1|1|1|318729|1|20260331|46263 sa|feugiat malesuada f|OK|74136|40143|40143007647|11||||||5||||||2|4|43||||||||8||||||||2|4|6|5|2|4|59|9999|38|0|-1.696|3|1|564|9999|5||10||10|||||NA|2784.52|285.132|398.739|3209.45|2.803|15|15.358|78.475|164|95|2|2|2|2|2255581|3|5|1|NA|1|2|57702|6||||||17||||||2|2|2
2|BANK1LEIFORTEST12345|BANK1LEIFORTEST12345G6CC3IBFVYJXT9E1HS06|20260130|1|1|1|1|1|537214|1|20260331|15634 d|ullamcorper hac tu|OK|74136|40143|40143007647|13||||||5||||||2|4|43||||||||8||||||||2|4|6|5|2|4|58|9999|21|0|-0.829|3|1|667|9999|6||10||10|||||NA|1579.851|497.571|245.028|2000.322|4.529|9|20.319|71.435|140|42|2|2|2|2|964585|3|5|1|NA|2|2|44598|6||||||17||||||2|2|2
2|BANK1LEIFORTEST12345|BANK1LEIFORTEST12345AUIK72JF9IC50P0PP12|20260205|1|1|1|1|1|368832|1|20260331|23869 ac metus plac|pulvinar ultri|OK|74136|40143|40143007647|14||||||5||||||2|4|23||||||||8||||||||2|4|2|5|2|4|58|9999|20|0|-1.717|1|1|668|9999|4||10||10|||||NA|1909.899|373.079|314.04|2408.2|3.397|16|9.411|72.695|147|93|2|2|2|2|2162294|3|5|1|NA|2|1|95805|6||||||17||||||2|2|2
2|BANK1LEIFORTEST12345|BANK1LEIFORTEST12345PC2SIC3Z1QNAXHLQ47|20260205|1|1|1|1|1|310804|1|20260331|1523 lorem mattis cum|malesuada dui s|OK|74136|40143|40143007647|1||||||5||||||2|4|24||||||||8||||||||2|4|2|5|2|4|47|9999|71|0|-0.521|2|1|578|9999|3||10||10|||||NA|2800.318|543.802|467.365|1653.562|6.288|14|20.81|61.972|119|49|2|2|2|2|1356664|3|5|1|NA|2|1|92636|6||||||17||||||2|2|2
2|BANK1LEIFORTEST12345|BANK1LEIFORTEST12345S96WJK8G7GQGGPT697|20260310|1|1|1|1|1|326271|1|20260331|8962 risus facilisis sag|tellus ante|OK|74136|40143|40143007647|13||||||5||||||2|4|21||||||||8||||||||2|4|2|5|2|4|45|9999|59|0|-1.405|2|1|677|9999|14||10||10|||||NA|1983.742|437.534|551.004|1183.833|3.693|23|34.121|89.263|130|84|2|2|2|2|887915|3|5|1|NA|1|2|95408|6||||||17||||||2|2|2
2|BANK1LEIFORTEST12345|BANK1LEIFORTEST12345NE7A2SUSQ575R8L6XVQ59|20260215|1|1|1|1|1|266543|1|20260331|30044 rutrum parturient e|hac praesent fus|OK|74136|40143|40143007647|14||||||5||||||2|4|2||||||||8||||||||2|4|2|5|2|4|65|9999|82|0|0.107|3|1|667|9999|1||10||10|||||NA|2138.801|400.286|542.481|3393.051|3.428|10|17.724|89.954|117|37|2|2|2|2|1630236|3|5|1|NA|1|2|82785|6||||||17||||||2|2|2
2|BANK1LEIFORTEST12345|BANK1LEIFORTEST12345R0N9FMOMX8YT2Y9696|20260201|1|1|1|1|1|385722|1|20260331|25539 auctor faci|elemen|OK|74136|40143|40143007647|12||||||5||||||2|4|21||||||||8||||||||2|4|6|5|2|4|88|9999|64|0|-0.42|1|1|685|9999|5||10||10|||||NA|2001.456|287.997|431.275|3518.86|2.759|14|5.738|64.136|160|38|2|2|2|2|1674018|3|5|1|NA|2|1|31557|6||||||17||||||2|2|2
2|BANK1LEIFORTEST12345|BANK1LEIFORTEST12345A92BCO4NOUBKI0OA5QOL70|20260213|1|1|1|1|1|271958|1|20260331|9664 convallis conse|portti|OK|74136|40143|40143007647|13||||||5||||||2|4|44||||||||8||||||||2|4|6|5|2|4|41|9999|127|0|-1.69|3|1|598|9999|11||10||10|||||NA|1471.633|202.21|327.81|4280.802|3.359|22|22.983|60.781|159|31|2|2|2|2|988407|3|5|1|NA|2|1|39828|6||||||17||||||2|2|2
2|BANK1LEIFORTEST12345|BANK1LEIFORTEST12345AMWUYX2N1HUF3BGPJKW467|20260211|1|1|1|1|1|544262|1|20260331|4956 di|pellentesque es|OK|74136|40143|40143007647|2||||||5||||||2|4|41||||||||8||||||||2|4|2|5|2|4|75|9999|57|0|-0.466|1|1|684|9999|12||10||10|||||NA|2227.401|240.738|396.158|3718.713|3.492|10|19.328|59.549|113|85|2|2|2|2|2014636|3|5|1|NA|1|1|86741|6||||||17||||||2|2|2
2|BANK1LEIFORTEST12345|BANK1LEIFORTEST12345NXQWC1HCVXPT0U05UKKH18|20260210|1|1|1|1|1|429023|1|20260331|36426 at tempus eli|egestas la|OK|74136|40143|40143007647|1||||||5||||||2|4|2||||||||8||||||||2|4|1|5|2|4|52|9999|30|0|-1.441|3|1|623|9999|3||10||10|||||NA|1660.455|278.516|400.255|2042.193|1.977|13|11.32|69.896|132|67|2|2|2|2|2012459|3|5|1|NA|2|2|38221|6||||||17||||||2|2|2
2|BANK1LEIFORTEST12345|BANK1LEIFORTEST12345JI8O8OEHHS9OYN753|20260206|1|1|1|1|1|100495|1|20260331|49203 proi|nascetur mollis di|OK|74136|40143|40143007647|14||||||5||||||2|4|1||||||||8||||||||2|4|2|5|2|4|53|9999|12|0|-0.948|2|1|674|9999|2||10||10|||||NA|2037.967|263.04|198.086|1629.913|5.861|9|11.863|68.196|132|25|2|2|2|2|1900221|3|5|1|NA|1|2|135681|6||||||17||||||2|2|2
2|BANK1LEIFORTEST12345|BANK1LEIFORTEST123451PC07ID8OSUHAVAJEBI40|20260224|1|1|1|1|1|369384|1|20260331|42299 enim cond|nisi lacinia pote|OK|74136|40143|40143007647|13||||||5||||||2|4|5||||||||8||||||||2|4|1|5|2|4|65|9999|93|0|-0.448|2|1|467|9999|15||10||10|||||NA|1986.21|325.469|209.925|3325.914|6.252|13|9.615|89.719|156|30|2|2|2|2|1539470|3|5|1|NA|2|2|63719|6||||||17||||||2|2|2
2|BANK1LEIFORTEST12345|BANK1LEIFORTEST12345P8QYIDHH80QW492VF64|20260128|1|1|1|1|1|354176|1|20260331|32146 auctor ligula ne|diam magnis bland|OK|74136|40143|40143007647|11||||||5||||||2|4|24||||||||8||||||||2|4|2|5|2|4|50|9999|113|0|-1.586|1|1|595|9999|14||10||10|||||NA|3960.233|302.61|510.026|3254.305|5.723|7|12.959|62.837|134|59|2|2|2|2|2255950|3|5|1|NA|2|2|50666|6||||||17||||||2|2|2
2|BANK1LEIFORTEST12345|BANK1LEIFORTEST12345H373EINJBH8GQS945HZF46|20260302|1|1|1|1|1|138733|1|20260331|24782 m|sodales |OK|74136|40143|40143007647|2||||||5||||||2|4|27||||||||8||||||||2|4|1|5|2|4|47|9999|71|0|-1.627|1|1|776|9999|4||10||10|||||NA|2011.733|417.49|529.971|4537.89|3.194|10|8.222|75.644|114|62|2|2|2|2|1796503|3|5|1|NA|1|2|79256|6||||||17||||||2|2|2
2|BANK1LEIFORTEST12345|BANK1LEIFORTEST12345LLL57ZERRTB4T6R6J62|20260305|1|1|1|1|1|319770|1|20260331|4730 fringilla socii|sed urna|OK|74136|40143|40143007647|1||||||5||||||2|4|5||||||||8||||||||2|4|2|5|2|4|61|9999|44|0|-0.233|2|1|626|9999|4||10||10|||||NA|2266.832|475.386|369.856|3020.874|2.533|13|17.071|75.467|150|50|2|2|2|2|1463505|3|5|1|NA|1|2|33244|6||||||17||||||2|2|2
2|BANK1LEIFORTEST12345|BANK1LEIFORTEST12345H77P6U5OMZWOX9AMVMX13|20260222|1|1|1|1|1|315683|1|20260331|46971 dis nibh erat cong|conval|OK|74136|40143|40143007647|2||||||5||||||2|4|26||||||||8||||||||2|4|1|5|2|4|69|9999|32|0|-1.414|2|1|591|9999|5||10||10|||||NA|2448.476|306.878|344.651|2052.855|3.109|14|12.97|61.972|119|43|2|2|2|2|1450987|3|5|1|NA|1|1|51301|6||||||17||||||2|2|2
2|BANK1LEIFORTEST12345|BANK1LEIFORTEST12345U3946HA1UQJY3OMCWI98|20260212|1|1|1|1|1|483321|1|20260331|16708 ipsum ull|dignis|OK|74136|40143|40143007647|11||||||5||||||2|4|43||||||||8||||||||2|4|2|5|2|4|78|9999|64|0|-1.575|1|1|509|9999|11||10||10|||||NA|2376.466|337.233|387.178|2881.799|6.857|14|10.51|61.107|173|57|2|2|2|2|978368|3|5|1|NA|2|1|32973|6||||||17||||||2|2|2
2|BANK1LEIFORTEST12345|BANK1LEIFORTEST12345X9Z0GFJLDE9LQ8BTN8584|20260201|1|1|1|1|1|427945|1|20260331|45358 nib|nam elementum elit|OK|74136|40143|40143007647|2||||||5||||||2|4|21||||||||8||||||||2|4|6|5|2|4|47|9999|75|0|-0.702|2|1|586|9999|15||10||10|||||NA|2245.492|244.917|233.261|2854.274|3.144|14|14.12|74.155|174|35|2|2|2|2|1487949|3|5|1|NA|2|1|102893|6||||||17||||||2|2|2
2|BANK1LEIFORTEST12345|BANK1LEIFORTEST12345EI5YGY1759TJ16V4K06|20260205|1|1|1|1|1|380448|1|20260331|11398 mo|ornare con|OK|74136|40143|40143007647|1||||||5||||||2|4|5||||||||8||||||||2|4|6|5|2|4|68|9999|101|0|-2.028|1|1|539|9999|3||10||10|||||NA|1636.893|489.43|376.488|2035.942|3.489|21|14.916|73.906|99|81|2|2|2|2|1799270|3|5|1|NA|1|2|88854|6||||||17||||||2|2|2
2|BANK1LEIFORTEST12345|BANK1LEIFORTEST12345TKIWXE1VMPCTRNGL44|20260215|1|1|1|1|1|145328|1|20260331|7107 id pulvinar |hac aliqu|OK|74136|40143|40143007647|12||||||5||||||2|4|44||||||||8||||||||2|4|1|5|2|4|49|9999|120|0|-1.877|2|1|458|9999|4||10||10|||||NA|2356.877|434.936|232.188|7666.854|2.369|17|9.52|66.359|107|76|2|2|2|2|1760761|3|5|1|NA|1|2|49605|6||||||17||||||2|2|2
2|BANK1LEIFORTEST12345|BANK1LEIFORTEST12345ZSM8PCFBXY6HDEF7MEQ87|20260211|1|1|1|1|1|254074|1|20260331|22283 rhoncus mattis aug|commo|OK|74136|40143|40143007647|2||||||5||||||2|4|24||||||||8||||||||2|4|1|5|2|4|54|9999|11|0|-0.439|1|1|665|9999|2||10||10|||||NA|2475.342|285.238|363.383|2409.186|3.899|10|25.73|73.538|131|71|2|2|2|2|1815330|3|5|1|NA|1|1|96561|6||||||17||||||2|2|2
2|BANK1LEIFORTEST12345|BANK1LEIFORTEST12345EEJYD5G8D30MH3LHB55|20260211|1|1|1|1|1|114967|1|20260331|14635 sodales conv|tellus euismod lob|OK|74136|40143|40143007647|14||||||5||||||2|4|44||||||||8||||||||2|4|2|5|2|4|56|9999|62|0|1.939|2|1|439|9999|2||10||10|||||NA|1679.948|672.463|198.485|2275.781|4.77|12|14.068|66.504|138|47|2|2|2|2|1707841|3|5|1|NA|1|1|32166|6||||||17||||||2|2|2
2|BANK1LEIFORTEST12345|BANK1LEIFORTEST1234585FNXXH9T5O8BNB63A47|20260228|1|1|1|1|1|321723|1|20260331|47459 sa|facilis|OK|74136|40143|40143007647|14||||||5||||||2|4|21||||||||8||||||||2|4|6|5|2|4|55|9999|57|0|0.731|3|1|580|9999|2||10||10|||||NA|2810.351|444.459|382.47|2660.293|6.168|7|14.279|81.626|147|47|2|2|2|2|2487544|3|5|1|NA|1|2|34777|6||||||17||||||2|2|2
2|BANK1LEIFORTEST12345|BANK1LEIFORTEST12345WXFSMUANVDIFSSE7J7R87|20260211|1|1|1|1|1|158049|1|20260331|40084 viverra habitasse |facili|OK|74136|40143|40143007647|11||||||5||||||2|4|41||||||||8||||||||2|4|2|5|2|4|56|9999|122|0|-0.606|1|1|586|9999|3||10||10|||||NA|2388.055|458.294|153.208|3367.829|3.956|17|14.102|72.583|112|61|2|2|2|2|1143251|3|5|1|NA|2|1|65600|6||||||17||||||2|2|2
2|BANK1LEIFORTEST12345|BANK1LEIFORTEST12345RCLKX6ICWCAP99K11O17|20260223|1|1|1|1|1|456882|1|20260331|12574 p|molestie penatib|OK|74136|40143|40143007647|12||||||5||||||2|4|3||||||||8||||||||2|4|2|5|2|4|57|9999|126|0|0.441|2|1|661|9999|6||10||10|||||NA|1848.016|428.407|296.496|2129.521|3.034|11|10.312|69.467|90|32|2|2|2|2|2499222|3|5|1|NA|2|1|92005|6||||||17||||||2|2|2
2|BANK1LEIFORTEST12345|BANK1LEIFORTEST12345HQESXBQLWO9HGMX36|20260206|1|1|1|1|1|218097|1|20260331|38160 erat malesuada n|erat maecenas|OK|74136|40143|40143007647|13||||||5||||||2|4|43||||||||8||||||||2|4|1|5|2|4|52|9999|174|0|-1.278|3|1|574|9999|1||10||10|||||NA|2625.698|377.685|323.425|3453.162|2.468|15|23.785|90.029|99|22|2|2|2|2|2297659|3|5|1|NA|1|1|50986|6||||||17||||||2|2|2
2|BANK1LEIFORTEST12345|BANK1LEIFORTEST12345GZN89WDWRXZ82AVGA39|20260218|1|1|1|1|1|213390|1|20260331|15169 et molest|matti|OK|74136|40143|40143007647|13||||||5||||||2|4|26||||||||8||||||||2|4|1|5|2|4|74|9999|45|0|-0.424|2|1|621|9999|12||10||10|||||NA|1523.595|513.618|283.483|1716.991|4.763|18|10.207|68.017|110|61|2|2|2|2|1331147|3|5|1|NA|1|2|108785|6||||||17||||||2|2|2
2|BANK1LEIFORTEST12345|BANK1LEIFORTEST123452BOP8I09WNFI78MFFIY041|20260131|1|1|1|1|1|308079|1|20260331|41300 laoreet a|adipiscing fames al|OK|74136|40143|40143007647|1||||||5||||||2|4|41||||||||8||||||||2|4|6|5|2|4|78|9999|110|0|0.591|1|1|619|9999|14||10||10|||||NA|2181.013|380.076|294.89|2474.412|3.275|9|28.798|58.743|123|44|2|2|2|2|2039447|3|5|1|NA|1|1|96366|6||||||17||||||2|2|2
2|BANK1LEIFORTEST12345|BANK1LEIFORTEST12345O0YB7WYQ5AXR5Y29X03|20260211|1|1|1|1|1|559083|1|20260331|28698 congue s|eleifend curs|OK|74136|40143|40143007647|12||||||5||||||2|4|43||||||||8||||||||2|4|1|5|2|4|51|9999|45|0|-0.711|2|1|691|9999|2||10||10|||||NA|2314.098|323.915|394.237|4480.02|3.277|22|25.308|61.557|136|31|2|2|2|2|1169381|3|5|1|NA|2|1|84580|6||||||17||||||2|2|2
2|BANK1LEIFORTEST12345|BANK1LEIFORTEST12345GPOFGA508ZKB7MX78|20260214|1|1|1|1|1|131730|1|20260331|23287 lectus|gravida tempus pe|OK|74136|40143|40143007647|2||||||5||||||2|4|42||||||||8||||||||2|4|1|5|2|4|66|9999|51|0|-0.134|3|1|513|9999|14||10||10|||||NA|2205.114|433.667|196.359|3412.218|3.474|17|18.857|56.756|196|36|2|2|2|2|1681077|3|5|1|NA|2|1|82394|6||||||17||||||2|2|2
2|BANK1LEIFORTEST12345|BANK1LEIFORTEST12345M9NYSP7FDI113EY67|20260207|1|1|1|1|1|274342|1|20260331|28101 eu|arcu id posuere mon|OK|74136|40143|40143007647|13||||||5||||||2|4|43||||||||8||||||||2|4|2|5|2|4|65|9999|38|0|-0.956|2|1|600|9999|14||10||10|||||NA|2110.449|521.182|533.655|4260.304|3.446|13|30.765|90.017|121|71|2|2|2|2|1913673|3|5|1|NA|1|1|47704|6||||||17||||||2|2|2
2|BANK1LEIFORTEST12345|BANK1LEIFORTEST12345AM5ESECSJX83I7J52|20260128|1|1|1|1|1|266111|1|20260331|9100 egest|bibendum ante ege|OK|74136|40143|40143007647|11||||||5||||||2|4|5||||||||8||||||||2|4|2|5|2|4|66|9999|164|0|-2.761|3|1|596|9999|6||10||10|||||NA|1499.845|324.579|312.762|4489.559|6.245|11|30.032|77.294|117|41|2|2|2|2|2324780|3|5|1|NA|2|1|23240|6||||||17||||||2|2|2
2|BANK1LEIFORTEST12345|BANK1LEIFORTEST1234595NC7UDSA09O8VLN4GY41|20260220|1|1|1|1|1|522446|1|20260331|18372 habitasse sollicit|cum nisi montes |OK|74136|40143|40143007647|2||||||5||||||2|4|21||||||||8||||||||2|4|1|5|2|4|65|9999|45|0|0.015|2|1|647|9999|5||10||10|||||NA|1624.175|401.773|366.751|4363.115|4.1|21|12.353|70.582|197|38|2|2|2|2|466549|3|5|1|NA|2|2|66202|6||||||17||||||2|2|2
2|BANK1LEIFORTEST12345|BANK1LEIFORTEST12345G9ON90PSSS3B8FHJEN178|20260208|1|1|1|1|1|334408|1|20260331|33603 tortor eros nasc|eleif|OK|74136|40143|40143007647|11||||||5||||||2|4|4||||||||8||||||||2|4|1|5|2|4|72|9999|37|0|0.118|1|1|602|9999|3||10||10|||||NA|1645.668|672.481|423.18|2047.192|4.938|8|26.184|81.649|108|52|2|2|2|2|1741672|3|5|1|NA|1|1|45351|6||||||17||||||2|2|2
2|BANK1LEIFORTEST12345|BANK1LEIFORTEST123456HTUY4HPNDVA3YTAJ68|20260222|1|1|1|1|1|112802|1|20260331|38998 proin |netus a praesent |OK|74136|40143|40143007647|12||||||5||||||2|4|27||||||||8||||||||2|4|1|5|2|4|64|9999|166|0|0.112|3|1|673|9999|7||10||10|||||NA|2554.055|358.058|233.68|4797.996|3.932|27|13.584|67.718|148|56|2|2|2|2|938869|3|5|1|NA|1|1|40160|6||||||17||||||2|2|2
2|BANK1LEIFORTEST12345|BANK1LEIFORTEST12345UBG5YHT84QF2CGDN1776|20260201|1|1|1|1|1|153668|1|20260331|2368 mass|consequat mol|OK|74136|40143|40143007647|14||||||5||||||2|4|22||||||||8||||||||2|4|2|5|2|4|66|9999|15|0|-0.938|2|1|464|9999|13||10||10|||||NA|1894.592|336.031|370.424|3437.012|2.353|19|12.081|64.812|216|39|2|2|2|2|1383724|3|5|1|NA|1|2|91406|6||||||17||||||2|2|2
2|BANK1LEIFORTEST12345|BANK1LEIFORTEST12345T85AM1FN073YYVCM0E16|20260214|1|1|1|1|1|130825|1|20260331|38601 mauris dolor mo|vitae fau|OK|74136|40143|40143007647|14||||||5||||||2|4|2||||||||8||||||||2|4|2|5|2|4|46|9999|135|0|-0.091|3|1|582|9999|3||10||10|||||NA|2079.468|185.591|343.097|3491.368|2.934|14|12.207|77.55|86|37|2|2|2|2|1971448|3|5|1|NA|2|1|107005|6||||||17||||||2|2|2
2|BANK1LEIFORTEST12345|BANK1LEIFORTEST123459EXIDKT30ASOKSC330|20260303|1|1|1|1|1|267379|1|20260331|32943 praesent cras|mauris ac mo|OK|74136|40143|40143007647|13||||||5||||||2|4|23||||||||8||||||||2|4|1|5|2|4|68|9999|21|0|-0.021|1|1|516|9999|14||10||10|||||NA|2636.28|264.055|426.895|1929.795|2.849|22|12.001|70.242|165|72|2|2|2|2|1736163|3|5|1|NA|2|2|59516|6||||||17||||||2|2|2
2|BANK1LEIFORTEST12345|BANK1LEIFORTEST12345P7BK1S804OSGDY094|20260221|1|1|1|1|1|404898|1|20260331|25463 duis plate|integer senectus a|OK|74136|40143|40143007647|11||||||5||||||2|4|25||||||||8||||||||2|4|2|5|2|4|61|9999|36|0|-0.011|1|1|673|9999|4||10||10|||||NA|1916.624|234.535|399.301|2547.283|2.541|15|14.625|67.518|129|46|2|2|2|2|1563849|3|5|1|NA|2|2|50752|6||||||17||||||2|2|2
2|BANK1LEIFORTEST12345|BANK1LEIFORTEST12345JRUQKEZB7S8FLRLR7EQG93|20260127|1|1|1|1|1|444672|1|20260331|25917 metus velit posuer|erat lig|OK|74136|40143|40143007647|1||||||5||||||2|4|24||||||||8||||||||2|4|1|5|2|4|53|9999|126|0|0.347|1|1|709|9999|2||10||10|||||NA|3434.487|476.224|333.913|2124.831|3.604|11|18.759|65.487|145|66|2|2|2|2|1264286|3|5|1|NA|2|1|77535|6||||||17||||||2|2|2
2|BANK1LEIFORTEST12345|BANK1LEIFORTEST12345ELSWIW8QT7P8A9VJ2DN32|20260219|1|1|1|1|1|294488|1|20260331|8323 pretium augue q|cras s|OK|74136|40143|40143007647|2||||||5||||||2|4|5||||||||8||||||||2|4|1|5|2|4|44|9999|77|0|-1.206|3|1|734|9999|3||10||10|||||NA|1904.35|337.203|336.338|4068.432|5.184|11|13.462|69.779|97|55|2|2|2|2|994729|3|5|1|NA|2|1|53246|6||||||17||||||2|2|2
2|BANK1LEIFORTEST12345|BANK1LEIFORTEST12345JRHX6TC1L5ML82KD37|20260221|1|1|1|1|1|249039|1|20260331|2382 varius sed interdum|dictum vol|OK|74136|40143|40143007647|11||||||5||||||2|4|44||||||||8||||||||2|4|1|5|2|4|61|9999|59|0|0.289|3|1|538|9999|3||10||10|||||NA|2882.508|279.583|443.54|1578.318|6.196|10|28.728|67.858|200|24|2|2|2|2|1473657|3|5|1|NA|1|2|83167|6||||||17||||||2|2|2
2|BANK1LEIFORTEST12345|BANK1LEIFORTEST123450OF7DPC5C05RMQ0A0135|20260219|1|1|1|1|1|129185|1|20260331|49333 urna tempus met|donec solli|OK|74136|40143|40143007647|12||||||5||||||2|4|3||||||||8||||||||2|4|2|5|2|4|42|9999|104|0|0.405|2|1|682|9999|12||10||10|||||NA|1750.71|562.304|345.55|1908.145|7.937|15|9.731|90.695|115|75|2|2|2|2|1216737|3|5|1|NA|2|2|71936|6||||||17||||||2|2|2
2|BANK1LEIFORTEST12345|BANK1LEIFORTEST12345SJXIASKPIUFDPG5FM93|20260223|1|1|1|1|1|246669|1|20260331|16763 le|rutrum lorem rho|OK|74136|40143|40143007647|13||||||5||||||2|4|4||||||||8||||||||2|4|6|5|2|4|65|9999|53|0|-0.731|3|1|634|9999|1||10||10|||||NA|2355.541|178.88|420.519|2434.008|3.019|10|17.11|81.761|124|45|2|2|2|2|1345978|3|5|1|NA|1|2|44402|6||||||17||||||2|2|2
2|BANK1LEIFORTEST12345|BANK1LEIFORTEST123459L1LS4M4MU7YH4ZB08UC38|20260210|1|1|1|1|1|407702|1|20260331|4363 aenean|quisque consequat|OK|74136|40143|40143007647|13||||||5||||||2|4|42||||||||8||||||||2|4|6|5|2|4|52|9999|90|0|-0.661|3|1|592|9999|4||10||10|||||NA|2293.593|233.972|275.204|5190.352|5.675|19|22.35|64.272|153|39|2|2|2|2|1625868|3|5|1|NA|2|1|17742|6||||||17||||||2|2|2
2|BANK1LEIFORTEST12345|BANK1LEIFORTEST1234544GZFTO3B6U50QD19|20260221|1|1|1|1|1|206176|1|20260331|33219 fames |etiam lib|OK|74136|40143|40143007647|12||||||5||||||2|4|2||||||||8||||||||2|4|2|5|2|4|60|9999|31|0|1.455|3|1|639|9999|1||10||10|||||NA|2182.936|421.77|175.415|4009.143|2.3|10|8.512|71.654|229|35|2|2|2|2|1371017|3|5|1|NA|2|2|70646|6||||||17||||||2|2|2
2|BANK1LEIFORTEST12345|BANK1LEIFORTEST12345J4AS4YGZRBBCMKKEWFNL54|20260303|1|1|1|1|1|205850|1|20260331|32902 nisl luc|accumsa|OK|74136|40143|40143007647|13||||||5||||||2|4|44||||||||8||||||||2|4|2|5|2|4|53|9999|40|0|-1.177|3|1|519|9999|13||10||10|||||NA|1300.452|133.39|487.414|3243.969|2.405|18|27.377|70.019|153|51|2|2|2|2|1543633|3|5|1|NA|1|2|55234|6||||||17||||||2|2|2
2|BANK1LEIFORTEST12345|BANK1LEIFORTEST12345NZBYEY1BHDMOPC0483|20260303|1|1|1|1|1|335994|1|20260331|29362 ero|elementu|OK|74136|40143|40143007647|11||||||5||||||2|4|5||||||||8||||||||2|4|1|5|2|4|52|9999|54|0|0.61|2|1|602|9999|15||10||10|||||NA|2837.782|315.957|390.529|5431.403|4.205|31|19.537|57.449|134|51|2|2|2|2|2118345|3|5|1|NA|2|1|41473|6||||||17||||||2|2|2
2|BANK1LEIFORTEST12345|BANK1LEIFORTEST12345Y70UL91VZVQC4BGFN94|20260216|1|1|1|1|1|439529|1|20260331|22274 rutrum la|euismod sed |OK|74136|40143|40143007647|13||||||5||||||2|4|41||||||||8||||||||2|4|1|5|2|4|67|9999|52|0|-1.49|1|1|622|9999|6||10||10|||||NA|1823.974|385.333|472.081|4714.517|5.252|23|26.821|93.341|146|103|2|2|2|2|1265773|3|5|1|NA|2|2|132179|6||||||17||||||2|2|2
2|BANK1LEIFORTEST12345|BANK1LEIFORTEST12345TDXC5E43TJ8H6T4N4IHL65|20260226|1|1|1|1|1|197342|1|20260331|8623 arcu turpis imper|eros netus am|OK|74136|40143|40143007647|2||||||5||||||2|4|3||||||||8||||||||2|4|1|5|2|4|64|9999|87|0|-0.742|1|1|676|9999|12||10||10|||||NA|1880.844|590.787|326.288|2229.348|5.07|18|9.207|81.461|174|63|2|2|2|2|1459713|3|5|1|NA|2|2|52563|6||||||17||||||2|2|2
2|BANK1LEIFORTEST12345|BANK1LEIFORTEST123453XK1BX450YKAO28F66|20260222|1|1|1|1|1|293453|1|20260331|16069 fusce lacus orci|potenti hendrer|OK|74136|40143|40143007647|11||||||5||||||2|4|4||||||||8||||||||2|4|2|5|2|4|36|9999|16|0|-0.161|3|1|559|9999|15||10||10|||||NA|1666.822|287.138|196.039|1196.252|7.164|41|23.765|100.291|99|48|2|2|2|2|1388183|3|5|1|NA|1|1|78956|6||||||17||||||2|2|2
2|BANK1LEIFORTEST12345|BANK1LEIFORTEST12345D48YO7HZQ7360LHM08|20260131|1|1|1|1|1|392020|1|20260331|40816 enim molestie sempe|magna duis diam|OK|74136|40143|40143007647|14||||||5||||||2|4|26||||||||8||||||||2|4|2|5|2|4|62|9999|84|0|-1.509|3|1|623|9999|5||10||10|||||NA|1804.328|430.524|457.32|5226.207|4.652|9|27.044|75.107|172|58|2|2|2|2|1351924|3|5|1|NA|1|2|115020|6||||||17||||||2|2|2
2|BANK1LEIFORTEST12345|BANK1LEIFORTEST1234595NS6OL024KXYV93WD493|20260203|1|1|1|1|1|82515|1|20260331|8116 ipsum nullam n|dui habita|OK|74136|40143|40143007647|12||||||5||||||2|4|24||||||||8||||||||2|4|2|5|2|4|68|9999|22|0|-2.527|2|1|636|9999|2||10||10|||||NA|2453.24|466.349|318.789|1815.708|3.492|13|18.576|83.059|133|56|2|2|2|2|1225867|3|5|1|NA|2|2|79106|6||||||17||||||2|2|2
2|BANK1LEIFORTEST12345|BANK1LEIFORTEST12345V5Q3K3UWN89KIDVJ90|20260206|1|1|1|1|1|459939|1|20260331|3098 praesent pretium |integer po|OK|74136|40143|40143007647|1||||||5||||||2|4|4||||||||8||||||||2|4|1|5|2|4|55|9999|42|0|-1.418|3|1|662|9999|1||10||10|||||NA|2052.921|563.012|410.167|3225.417|2.339|8|12.745|79.337|184|72|2|2|2|2|1333936|3|5|1|NA|2|1|47896|6||||||17||||||2|2|2
2|BANK1LEIFORTEST12345|BANK1LEIFORTEST12345D5M9SQPLNMSAG4WT47|20260209|1|1|1|1|1|551148|1|20260331|2114 quis|arcu dictum l|OK|74136|40143|40143007647|12||||||5||||||2|4|3||||||||8||||||||2|4|2|5|2|4|34|9999|12|0|-1.245|2|1|540|9999|1||10||10|||||NA|1906.929|314.316|349.822|3816.509|3.654|38|13.069|70.672|139|48|2|2|2|2|1589284|3|5|1|NA|2|1|158855|6||||||17||||||2|2|2
2|BANK1LEIFORTEST12345|BANK1LEIFORTEST1234520XQFGGL66O4CJTI2JV50|20260210|1|1|1|1|1|364738|1|20260331|20733 temp|sit ultrices euism|OK|74136|40143|40143007647|1||||||5||||||2|4|3||||||||8||||||||2|4|2|5|2|4|52|9999|54|0|-0.28|1|1|606|9999|1||10||10|||||NA|1977.661|261.305|319.827|2585.928|2.756|23|23.385|76.976|187|31|2|2|2|2|2332045|3|5|1|NA|2|1|53210|6||||||17||||||2|2|2
2|BANK1LEIFORTEST12345|BANK1LEIFORTEST12345JA1162VEJT7IRC168D42|20260216|1|1|1|1|1|263869|1|20260331|12733 convallis sem |varius lacinia |OK|74136|40143|40143007647|14||||||5||||||2|4|21||||||||8||||||||2|4|6|5|2|4|72|9999|134|0|-1.456|2|1|579|9999|4||10||10|||||NA|2118.47|326.018|233.84|1912.273|2.362|10|23.415|78.063|189|51|2|2|2|2|2625675|3|5|1|NA|2|2|31036|6||||||17||||||2|2|2
2|BANK1LEIFORTEST12345|BANK1LEIFORTEST1234583689B1M1A26U46BZM306|20260214|1|1|1|1|1|335894|1|20260331|12485 hab|penatibus porttitor|OK|74136|40143|40143007647|13||||||5||||||2|4|25||||||||8||||||||2|4|2|5|2|4|59|9999|3|0|-2.054|3|1|715|9999|7||10||10|||||NA|2393.916|207.894|290.673|2500.371|1.639|13|7.447|61.677|145|38|2|2|2|2|963236|3|5|1|NA|2|2|160196|6||||||17||||||2|2|2
2|BANK1LEIFORTEST12345|BANK1LEIFORTEST12345EFO3C03NS8JAIZCQ8I78|20260304|1|1|1|1|1|268717|1|20260331|24565 lectus lig|felis tu|OK|74136|40143|40143007647|2||||||5||||||2|4|1||||||||8||||||||2|4|2|5|2|4|46|9999|8|0|-1.004|1|1|553|9999|6||10||10|||||NA|2138.271|445.448|289.18|1875.917|3.711|29|40.303|59.168|209|47|2|2|2|2|1700190|3|5|1|NA|1|1|76841|6||||||17||||||2|2|2
2|BANK1LEIFORTEST12345|BANK1LEIFORTEST12345FT7NOZC7RRPXOXVL78|20260220|1|1|1|1|1|211626|1|20260331|18935 donec nato|eu parturient penat|OK|74136|40143|40143007647|12||||||5||||||2|4|41||||||||8||||||||2|4|6|5|2|4|63|9999|51|0|-0.65|2|1|717|9999|13||10||10|||||NA|3191.144|366.787|286.525|2507.957|2.291|15|11.557|86.228|127|41|2|2|2|2|2510708|3|5|1|NA|2|1|43892|6||||||17||||||2|2|2
2|BANK1LEIFORTEST12345|BANK1LEIFORTEST1234503IX8DGJXOCPF5YR8ZQ717|20260129|1|1|1|1|1|215585|1|20260331|49722 hab|ornare auc|OK|74136|40143|40143007647|1||||||5||||||2|4|22||||||||8||||||||2|4|2|5|2|4|56|9999|85|0|0.231|3|1|497|9999|14||10||10|||||NA|3673.595|281.179|363.465|2666.206|5.634|13|10.497|78.67|127|59|2|2|2|2|1787496|3|5|1|NA|1|2|94820|6||||||17||||||2|2|2
2|BANK1LEIFORTEST12345|BANK1LEIFORTEST1234577UHS07TPTZ57C6F12|20260315|1|1|1|1|1|178738|1|20260331|2669 sed congue in |senectus nibh|OK|74136|40143|40143007647|14||||||5||||||2|4|5||||||||8||||||||2|4|2|5|2|4|64|9999|47|0|-1.879|2|1|662|9999|7||10||10|||||NA|1687.133|520.017|293.028|1497.854|4.071|30|24.136|65.08|143|63|2|2|2|2|1233784|3|5|1|NA|1|1|40138|6||||||17||||||2|2|2
2|BANK1LEIFORTEST12345|BANK1LEIFORTEST12345M8WZDJSVJCY0M1TE09|20260129|1|1|1|1|1|156265|1|20260331|7276 partu|potenti|OK|74136|40143|40143007647|13||||||5||||||2|4|5||||||||8||||||||2|4|1|5|2|4|75|9999|40|0|-0.805|1|1|610|9999|13||10||10|||||NA|1741.972|243.291|468.658|1944.633|4.314|17|18.916|64.645|147|30|2|2|2|2|2100828|3|5|1|NA|2|2|66870|6||||||17||||||2|2|2
2|BANK1LEIFORTEST12345|BANK1LEIFORTEST12345NSSQG7FUTWGF1M623|20260215|1|1|1|1|1|365316|1|20260331|31487 duis|netus adip|OK|74136|40143|40143007647|12||||||5||||||2|4|25||||||||8||||||||2|4|6|5|2|4|55|9999|77|0|-0.707|2|1|627|9999|13||10||10|||||NA|1753.811|366.964|255.008|2084.121|7.261|15|6.6|58.654|126|30|2|2|2|2|1951285|3|5|1|NA|2|2|36905|6||||||17||||||2|2|2
2|BANK1LEIFORTEST12345|BANK1LEIFORTEST12345CRNK4VFBB4VNW8YTA65|20260223|1|1|1|1|1|399821|1|20260331|34004 fac|volutpat alique|OK|74136|40143|40143007647|13||||||5||||||2|4|21||||||||8||||||||2|4|6|5|2|4|70|9999|11|0|-0.909|3|1|701|9999|15||10||10|||||NA|2102.993|419.819|277.244|6570.813|1.839|8|11.655|75.177|163|76|2|2|2|2|1786763|3|5|1|NA|2|2|31185|6||||||17||||||2|2|2
2|BANK1LEIFORTEST12345|BANK1LEIFORTEST123455ZC4WEMA7JCHTJ525|20260208|1|1|1|1|1|265993|1|20260331|30659 qui|dictu|OK|74136|40143|40143007647|12||||||5||||||2|4|4||||||||8||||||||2|4|2|5|2|4|76|9999|42|0|0.175|3|1|689|9999|12||10||10|||||NA|1768.926|437.255|272.463|5014.806|3.118|21|20.927|83.653|138|30|2|2|2|2|2063810|3|5|1|NA|2|1|49359|6||||||17||||||2|2|2
2|BANK1LEIFORTEST12345|BANK1LEIFORTEST12345G49M1GI12O8WDHH098|20260121|1|1|1|1|1|264036|1|20260331|29165 aene|magnis |OK|74136|40143|40143007647|12||||||5||||||2|4|44||||||||8||||||||2|4|1|5|2|4|52|9999|57|0|-0.16|2|1|626|9999|13||10||10|||||NA|1600.137|225.504|367.519|2353.348|2.311|17|9.28|73.407|91|94|2|2|2|2|1879451|3|5|1|NA|1|1|79169|6||||||17||||||2|2|2
2|BANK1LEIFORTEST12345|BANK1LEIFORTEST12345GNX2RHVQDBZ0YT424|20260214|1|1|1|1|1|429066|1|20260331|38997 sit adipiscing eges|convallis vo|OK|74136|40143|40143007647|13||||||5||||||2|4|42||||||||8||||||||2|4|1|5|2|4|56|9999|97|0|2.154|3|1|491|9999|11||10||10|||||NA|2079.053|502.163|550.133|3266.948|6.151|21|14.538|70.071|161|49|2|2|2|2|924828|3|5|1|NA|1|2|18985|6||||||17||||||2|2|2
2|BANK1LEIFORTEST12345|BANK1LEIFORTEST123450IRNZIL2QD3WB4X211|20260201|1|1|1|1|1|409770|1|20260331|18423 vitae et faucibus|platea|OK|74136|40143|40143007647|12||||||5||||||2|4|24||||||||8||||||||2|4|6|5|2|4|57|9999|83|0|-0.496|3|1|777|9999|7||10||10|||||NA|3061.443|228.518|278.576|2663.667|4.678|7|15.195|78.073|148|39|2|2|2|2|1042887|3|5|1|NA|1|1|62314|6||||||17||||||2|2|2
2|BANK1LEIFORTEST12345|BANK1LEIFORTEST123450BDI4JP2BNX5F0VGPRWL60|20260202|1|1|1|1|1|737297|1|20260331|21901 dignissim tem|congue |OK|74136|40143|40143007647|12||||||5||||||2|4|2||||||||8||||||||2|4|6|5|2|4|82|9999|126|0|0.334|3|1|779|9999|1||10||10|||||NA|2025.262|279.918|234.153|2623.662|3.395|11|8.713|63.228|148|50|2|2|2|2|1310796|3|5|1|NA|1|2|72837|6||||||17||||||2|2|2
2|BANK1LEIFORTEST12345|BANK1LEIFORTEST123451Z194TFDHM0WYZ6X812|20260210|1|1|1|1|1|270048|1|20260331|21844 e|nulla proin|OK|74136|40143|40143007647|2||||||5||||||2|4|43||||||||8||||||||2|4|1|5|2|4|77|9999|137|0|-0.663|2|1|630|9999|5||10||10|||||NA|2668.087|609.442|236.83|1757.26|5.423|15|11.857|91.37|118|62|2|2|2|2|1948716|3|5|1|NA|1|1|32947|6||||||17||||||2|2|2
2|BANK1LEIFORTEST12345|BANK1LEIFORTEST12345TXF07EVGF79RUTBKXFD95|20260203|1|1|1|1|1|219499|1|20260331|8066 volutpat grav|sed aenea|OK|74136|40143|40143007647|2||||||5||||||2|4|26||||||||8||||||||2|4|6|5|2|4|57|9999|43|0|-0.696|2|1|591|9999|6||10||10|||||NA|2064.191|179.348|311.084|2244.884|4.006|23|9.683|84.207|152|44|2|2|2|2|1804038|3|5|1|NA|2|1|45800|6||||||17||||||2|2|2
2|BANK1LEIFORTEST12345|BANK1LEIFORTEST12345VWYTDCIOE99DAUWT7R49|20260217|1|1|1|1|1|305911|1|20260331|12368 e|nisi potenti vulput|OK|74136|40143|40143007647|11||||||5||||||2|4|44||||||||8||||||||2|4|2|5|2|4|65|9999|16|0|-0.771|2|1|603|9999|6||10||10|||||NA|1574.12|277.87|354.697|5187.36|2.499|10|16.453|69.449|130|93|2|2|2|2|1365346|3|5|1|NA|1|2|97507|6||||||17||||||2|2|2
2|BANK1LEIFORTEST12345|BANK1LEIFORTEST123456RZ93EPFW40KD3TF234|20260217|1|1|1|1|1|171035|1|20260331|9070 porttitor amet|odio justo|OK|74136|40143|40143007647|13||||||5||||||2|4|21||||||||8||||||||2|4|2|5|2|4|55|9999|50|0|0.465|2|1|523|9999|5||10||10|||||NA|1714.227|522.966|189.1|1285.049|5.223|13|34.9|84.873|115|59|2|2|2|2|928214|3|5|1|NA|1|2|78703|6||||||17||||||2|2|2
2|BANK1LEIFORTEST12345|BANK1LEIFORTEST1234543P5WYI974J75A09RC5S42|20260128|1|1|1|1|1|129073|1|20260331|45886 b|pharetra h|OK|74136|40143|40143007647|13||||||5||||||2|4|3||||||||8||||||||2|4|1|5|2|4|75|9999|52|0|-1.235|1|1|572|9999|13||10||10|||||NA|2523.757|229.761|276.646|5814.792|3.966|29|11.166|56.886|134|57|2|2|2|2|536943|3|5|1|NA|1|2|65275|6||||||17||||||2|2|2
2|BANK1LEIFORTEST12345|BANK1LEIFORTEST123453BXGA5S8PF4VFLAPLAU38|20260220|1|1|1|1|1|239574|1|20260331|758 mas|posuere mag|OK|74136|40143|40143007647|13||||||5||||||2|4|41||||||||8||||||||2|4|2|5|2|4|44|9999|43|0|-0.739|1|1|708|9999|1||10||10|||||NA|1729.489|334.016|277.694|2956.253|1.922|13|15.445|68.838|246|58|2|2|2|2|1401360|3|5|1|NA|1|2|26458|6||||||17||||||2|2|2
2|BANK1LEIFORTEST12345|BANK1LEIFORTEST12345R5DJ1YO4IB4K95TCW83|20260202|1|1|1|1|1|488616|1|20260331|37237 lorem montes |magnis|OK|74136|40143|40143007647|12||||||5||||||2|4|5||||||||8||||||||2|4|1|5|2|4|54|9999|91|0|-1.387|1|1|757|9999|7||10||10|||||NA|1795.664|366.029|528.755|3091.394|2.527|36|13.768|93.096|152|42|2|2|2|2|1135932|3|5|1|NA|2|1|34920|6||||||17||||||2|2|2
2|BANK1LEIFORTEST12345|BANK1LEIFORTEST12345WI48GF6ECV8114EJZ97R84|20260219|1|1|1|1|1|555545|1|20260331|10498 dui euismod conva|pharetra luctus |OK|74136|40143|40143007647|12||||||5||||||2|4|21||||||||8||||||||2|4|6|5|2|4|45|9999|58|0|-1.437|1|1|592|9999|2||10||10|||||NA|2899.393|334.116|448.484|3600.679|3.028|19|20.242|73.35|182|124|2|2|2|2|1503468|3|5|1|NA|2|1|53196|6||||||17||||||2|2|2
2|BANK1LEIFORTEST12345|BANK1LEIFORTEST12345P56726ZP5NCBT0GRC02|20260117|1|1|1|1|1|258746|1|20260331|32735 euismod odi|sit s|OK|74136|40143|40143007647|13||||||5||||||2|4|22||||||||8||||||||2|4|6|5|2|4|66|9999|14|0|0.521|3|1|591|9999|2||10||10|||||NA|1875.368|465.222|233.258|3103.847|3.298|14|4.108|77.313|121|42|2|2|2|2|1338009|3|5|1|NA|2|1|57504|6||||||17||||||2|2|2
2|BANK1LEIFORTEST12345|BANK1LEIFORTEST12345VQJV1P1WXRA999XD10YW08|20260208|1|1|1|1|1|258920|1|20260331|27220 nas|eu laoreet p|OK|74136|40143|40143007647|14||||||5||||||2|4|3||||||||8||||||||2|4|6|5|2|4|61|9999|137|0|0.937|3|1|654|9999|3||10||10|||||NA|2589.077|414.838|428.295|3656.185|3.413|11|23.001|83.825|193|95|2|2|2|2|1806016|3|5|1|NA|2|1|25349|6||||||17||||||2|2|2
2|BANK1LEIFORTEST12345|BANK1LEIFORTEST123454B5AYZXR8QIJTT6ZDC03|20260129|1|1|1|1|1|383381|1|20260331|2925 dictu|bibendu|OK|74136|40143|40143007647|13||||||5||||||2|4|44||||||||8||||||||2|4|6|5|2|4|53|9999|62|0|-2.301|3|1|575|9999|7||10||10|||||NA|2837.44|229.904|278.571|2478.664|4.827|15|13.593|72.211|195|43|2|2|2|2|1593077|3|5|1|NA|1|1|48725|6||||||17||||||2|2|2
2|BANK1LEIFORTEST12345|BANK1LEIFORTEST12345TXFBCVTVU0AGBSHKGN83|20260216|1|1|1|1|1|247929|1|20260331|28591 eros sapien nequ|poten|OK|74136|40143|40143007647|2||||||5||||||2|4|4||||||||8||||||||2|4|2|5|2|4|57|9999|18|0|-0.957|1|1|650|9999|11||10||10|||||NA|1661.757|392.133|292.094|5126.705|1.87|20|27.049|73.883|141|38|2|2|2|2|1361132|3|5|1|NA|2|1|37190|6||||||17||||||2|2|2
2|BANK1LEIFORTEST12345|BANK1LEIFORTEST12345H3QCRS12QQ11OJB54QEP76|20260224|1|1|1|1|1|321866|1|20260331|36855 pulvinar purus cu|mollis tortor ame|OK|74136|40143|40143007647|11||||||5||||||2|4|23||||||||8||||||||2|4|2|5|2|4|59|9999|5|0|-0.058|3|1|725|9999|11||10||10|||||NA|1949.804|359.503|370.583|5274.057|3.428|11|11.014|86.095|82|27|2|2|2|2|1408100|3|5|1|NA|2|2|89930|6||||||17||||||2|2|2
2|BANK1LEIFORTEST12345|BANK1LEIFORTEST123453OLE8OGP0920QP3ZZ86|20260216|1|1|1|1|1|449946|1|20260331|29458 pharetra|convallis eleife|OK|74136|40143|40143007647|1||||||5||||||2|4|43||||||||8||||||||2|4|6|5|2|4|78|9999|16|0|-0.861|2|1|674|9999|5||10||10|||||NA|2305.427|427.454|218.495|760.07|5.805|11|11.386|66.151|151|90|2|2|2|2|1306471|3|5|1|NA|2|1|78662|6||||||17||||||2|2|2
